"time","S","E","I","R"
0,0.999,0.001,0,0
0.005,0.9990000657894736,0.0007390413533834586,0.00026089285714285716,0.0
0.01,0.9989001759518333,0.0006461377447965892,0.0004196537619159506,3.403254145408163e-05
0.015,0.9987396530164107,0.0006382879683618162,0.0005334565409851487,8.860247424232117e-05
0.02,0.9985358495455975,0.0006760506047355328,0.0006303587163363272,0.0001577411333305426
0.025,0.9982953380887801,0.0007410258420512711,0.0007244659759458126,0.00023917009322269386
0.03,0.9980192779567177,0.00082501687254008,0.000823242663676355,0.000332462507065672
0.035,0.997705972089054,0.0009248200769060355,0.0009310404467186331,0.0004381673873211943
0.04,0.9973520673181229,0.0010397268120294254,0.001050807245134764,0.0005573986247127841
0.045,0.9969530979145608,0.0011703317130944792,0.0011849213594727426,0.0006916490128718797
0.05,0.9965037090711092,0.001317971075753431,0.0013356058290730378,0.0008427140240642104
0.055,0.995997722005338,0.0014844657825766941,0.0015051421894716915,0.0010126700226135395
0.06,0.9954281180976015,0.001672012166619357,0.0016959892631977047,0.0012038804725814309
0.065,0.994786978902604,0.0018831455135563898,0.0019108579740040187,0.001419017609835483
0.07,0.9940653993333437,0.002120740028180476,0.002152766874895043,0.0016610937635806657
0.075,0.9932533819138043,0.0023880279032127086,0.002425090420327673,0.0019334997626552501
0.08,0.9923397154881937,0.002688629154384729,0.0027316059132167832,0.00224004944420475
0.085,0.9913118396411624,0.0030265881893412807,0.003076542108542731,0.0025850300609534904
0.09,0.9901556951195519,0.003406415092997762,0.0034646310141597044,0.0029732587732905665
0.095,0.988855560179588,0.0038331305059821495,0.0039011637020205706,0.0034101456124092317
0.1,0.9873938727486177,0.004312313302699146,0.004392050543819911,0.003901763404863235
0.105,0.9857510384718938,0.004850150303665517,0.0049438860240160615,0.004454925200424581
0.11,0.9839052250715687,0.005453487102540842,0.005564018063555084,0.005077269762335314
0.115,0.9818321439746163,0.006129878801456807,0.006260621556411039,0.005777355667515898
0.12,0.9795048208880165,0.00688763904412849,0.0070427755451942875,0.006564764522660785
0.125,0.9768933579455719,0.007735885212894296,0.007920543116788482,0.007450213724745465
0.13,0.9739646912624704,0.008684577002901036,0.008905052662215638,0.008445679072413021
0.135,0.9706823492585761,0.009744544790302324,0.01000857859482534,0.009564527356296398
0.14,0.9670062190001438,0.010927503257956505,0.011244618934834364,0.01082165880706552
0.145,0.9628923301126163,0.012246044621911992,0.01262796632298321,0.01223365894248869
0.15,0.9582926685789588,0.013713604513413613,0.014174767998881224,0.013818958908746622
0.155,0.9531550359894884,0.015344392126755825,0.01590256905030401,0.01559800283345205
0.16,0.9474229735561185,0.01715327467726822,0.01783033179400296,0.017593419972610547
0.165,0.9410357744114162,0.019155604591909556,0.019978422482996062,0.019830198513678468
0.17,0.9339286122846032,0.021366976287232223,0.022368554663980016,0.022335856764184776
0.175,0.9260328193989414,0.023802898044334466,0.025023676472400325,0.025140606084324016
0.18,0.9172763510653834,0.026478363610994746,0.0279677870314106,0.028277498292211514
0.185,0.9075844784995668,0.02940730808105124,0.031225665047067742,0.031782548372314534
0.19,0.896880754217123,0.032601933756409573,0.03482249086798687,0.03569482115848088
0.195,0.8850882951001002,0.0360718946299767,0.03878334199304207,0.04005646827688128
0.2,0.8721314257750903,0.03982333347342337,0.043132541658898696,0.04491269909258794
0.205,0.8579377179828731,0.043857773960318695,0.0478928412279068,0.050311666828901654
0.21,0.8424404486780589,0.04817088246574272,0.05308442024720341,0.05630424860899521
0.215,0.825581479187306,0.052751130664911286,0.05872369397468238,0.06294369617310058
0.22,0.8073145286051723,0.05757841096478791,0.06482192761892905,0.07028513281111094
0.225,0.7876087760083392,0.06262268170172404,0.071383670213772,0.07838487207616486
0.23,0.7664526783304236,0.06784274658248164,0.07840503943308226,0.08729953565401256
0.235,0.7438578357206489,0.07318530049498599,0.0858719118230786,0.09708495196128655
0.24,0.7198626778501723,0.07858439761404888,0.09375810029026972,0.10779482424550917
0.245,0.6945356893312739,0.08396151229462014,0.10202363068207003,0.11947916769203613
0.25,0.6679778490712172,0.08922636211308305,0.11061325918131622,0.13218252963438373
0.255,0.6403239378278067,0.09427863886767891,0.11945539792450911,0.1459420253800054
0.26,0.6117423818972231,0.09901074182023055,0.12846163244564823,0.16078524383689827
0.265,0.5824333585698038,0.103311525445276,0.13752701518278437,0.1767281008021359
0.27,0.552624996072795,0.1070709640757737,0.14653129843936033,0.1937727414120711
0.275,0.522567655006044,0.11018550753849071,0.15534122340177786,0.2119056140536876
0.28,0.4925264677905799,0.11256377192291894,0.16381390765922313,0.2310958526272782
0.285,0.46277251511868195,0.11413210069548806,0.17180127529172787,0.2512941088941023
0.29,0.4335732034447494,0.11483946829437272,0.17915535963258758,0.27243196862829044
0.295,0.4051825418632364,0.11466120241559048,0.18573419326835416,0.2944220624528191
0.3,0.3778320713509969,0.11360108376580524,0.19140790043972047,0.3171589444434775
0.305,0.351723157492491,0.11169153937340065,0.19606454212016042,0.340520761013948
0.31,0.32702122041074677,0.10899185709908407,0.19961524867386926,0.3643716738163
0.315,0.3038522627925505,0.10558458048527117,0.20199821681770186,0.3885649399044765
0.32,0.28230180401286387,0.10157045393070588,0.20318124437269833,0.41294649768373193
0.325,0.2624160779014281,0.09706244132315361,0.20316261543173017,0.43735886534368806
0.33,0.24420514314069763,0.09217941234364772,0.20197030950594727,0.46164513500970733
0.335,0.2276474164046702,0.08704007340946326,0.19965966668915197,0.4856528434967145
0.34,0.21269508034938797,0.08175762659386451,0.19630977417312173,0.5092375188836258
0.345,0.1992798361497636,0.07643549517768439,0.19201893091714456,0.5322657377554074
0.35,0.18731854580959506,0.07116428978974432,0.1868995890605319,0.5546175753401287
0.355,0.17671841928273876,0.06602003332748634,0.18107316403031043,0.5761883833594644
0.36,0.16738152204041198,0.061063537201779934,0.17466505888774264,0.5968898818700654
0.365,0.15920849127951553,0.056340736877676094,0.16780017532514463,0.6166505965176637
0.37,0.1521014414631738,0.05188375246246599,0.16059909807265205,0.6354157080017081
0.375,0.1459661070815326,0.0477124343600267,0.15317505398637113,0.6531464045720695
0.38,0.1407133125766642,0.043836175030705894,0.14563167126285834,0.6698188411297715
0.385,0.13625987989100874,0.04025580503206079,0.13806150377870122,0.6854228112982292
0.39,0.13252908825809018,0.03696543532974648,0.13054524268529935,0.699960233726864
0.395,0.12945079401544093,0.03395415122050798,0.12315151154591047,0.7134435432181406
0.4,0.12696130505405773,0.031207501522542667,0.11593713014222434,0.7258940632811752
0.405,0.12500308862798842,0.02870875765965789,0.10894773237008397,0.7373404213422696
0.41,0.12352437511807285,0.0264399403176527,0.102218631978329,0.7478170525859453
0.415,0.12247870549225268,0.02438262703454384,0.09577584316545923,0.7573628243077442
0.42,0.12182445740256138,0.02251856355799576,0.0896371786704851,0.7660198003689577
0.425,0.12152437436009787,0.020830106439210752,0.08381336404829255,0.7738321551523988
0.43,0.12154511416561695,0.019300525473253987,0.07830912198804289,0.7808452383730862
0.435,0.12185682650138079,0.0179141934074615,0.07312419401929383,0.7871047860718638
0.44,0.12243276499264164,0.016656687756925706,0.068254278366557,0.7926562688838756
0.445,0.12324893579775578,0.015514826288582936,0.06369187196530988,0.7975443659483514
0.45,0.12428378258338235,0.014476654253004715,0.05942701184217547,0.8018125513214375
0.455,0.12551790632662782,0.013531398074007304,0.05544791640479566,0.8055027791945693
0.46,0.12693381754726396,0.01266939713781042,0.051741530953490905,0.8086552543614347
0.465,0.12851571814278345,0.011882022648202662,0.048293984201261846,0.811308275007752
0.47,0.13024930984872476,0.011161590260185511,0.04509096404224526,0.8134981358488445
0.475,0.13212162638063135,0.010501271359278294,0.04211802148453709,0.8152590807755532
0.48,0.13412088646249892,0.0098950063810405,0.03936081176947301,0.8166232953869875
0.485,0.13623636516013413,0.009337422418035637,0.03680528140757937,0.8176209310142508
0.49,0.13845828118234277,0.008823756488724403,0.03443780930829272,0.81828015302064
0.495,0.14077769806547527,0.008349785195561673,0.03224530947192894,0.8186272072670341
0.5,0.14318643740300444,0.00791176103321708,0.030215301927395626,0.8186864996363828
0.505,0.1456770025127588,0.007506355283391544,0.02833595779493598,0.8184806844089136
0.51,0.14824251114550496,0.007130607217274168,0.026596123569299582,0.8180307580679212
0.515,0.15087663602781815,0.006781879193224905,0.024985328980946526,0.8173561557980104
0.52,0.15357355219944008,0.006457817164020869,0.023493782116574498,0.8164748485199644
0.525,0.1563278902515366,0.006156316077817406,0.022112354873099344,0.8154034387975465
0.53,0.15913469469900823,0.005875489656585025,0.02083256128342678,0.8141572543609799
0.535,0.16198938682915662,0.005613644055124703,0.019646530786385782,0.8127504383293328
0.54,0.16488773146254862,0.0053692549353493105,0.01854697811308748,0.8111960354890145
0.545,0.16782580714179077,0.005140947528898598,0.01752717112232594,0.8095060742069846
0.55,0.1707999793319538,0.004927479302464205,0.0165808976323308,0.8076916437332511
0.555,0.1738068762742366,0.004727724881784254,0.01570243205888853,0.8057629667850905
0.56,0.17684336718361468,0.004540662930377298,0.014886502474374369,0.8037294674116335
0.565,0.17990654252298505,0.004365364716644592,0.014128258542738501,0.8015998342176317
0.57,0.18299369612183156,0.004200984137382345,0.013423240656606912,0.799382079084179
0.575,0.18610230893765967,0.004046748996755088,0.01276735049957331,0.7970835915660117
0.58,0.18923003428422042,0.0039019533673621265,0.012156823175218044,0.7947111891731992
0.585,0.19237468437255836,0.0037659508843059077,0.011588200980687404,0.7922711637624481
0.59,0.195534218029772,0.0036381488443608606,0.011058308853611578,0.7897693242722553
0.595,0.1987067294765628,0.003518003000710181,0.010564231484015111,0.7872110360387117
0.6,0.20189043805858917,0.003405012959553545,0.010103292055386709,0.7846012569264703
0.605,0.20508367883868167,0.0032987180984789762,0.009673032559307003,0.781944570503532
0.61,0.20828489396740815,0.003198693938113789,0.009271195614390285,0.7792452164800875
0.615,0.21149262475854527,0.0031045489084801183,0.00889570771146613,0.7765071186215082
0.62,0.21470550440392,0.0030159214599143535,0.008544663801834787,0.7737339103343306
0.625,0.21792225126900103,0.002932477475576331,0.008216313143203056,0.7709289581122193
0.63,0.2211416627166893,0.002853907948658398,0.007909046317840595,0.7680953830168114
0.635,0.2243626094120982,0.0027799268925679053,0.007621383339025887,0.7652360803563076
0.64,0.22758403006582767,0.002710269456739102,0.007351962764527856,0.762353737712905
0.645,0.2308049265774099,0.002644690224451869,0.00709953173933993,0.759450851458798
0.65,0.23402435954430587,0.002582961672197889,0.00686293689387203,0.7565297418896239
0.655,0.2372414441051263,0.0025248727728269323,0.006641116028099354,0.7535925670939471
0.66,0.2404553460886867,0.002470227727000817,0.0064330905166021845,0.75064133566771
0.665,0.24366527844313113,0.0024188448094426564,0.0062379583738862016,0.7476779183735397
0.67,0.24687049792170745,0.002370555318146734,0.006054887923757893,0.7447040588363876
0.675,0.2500703020038868,0.0023252026161539024,0.005883112020780179,0.7417213833591788
0.68,0.2532640260324114,0.0022826412567357878,0.00572192277590473,0.7387314099349478
0.685,0.25645104054856205,0.002242736183899404,0.005570666742240517,0.7357355565252978
0.69,0.25963074880947234,0.002205362001047993,0.005428740520555748,0.7327351486689236
0.695,0.2628025844727038,0.002170402301435898,0.0052955867475143375,0.7297314264783457
0.7,0.26596600943455095,0.002137749054753259,0.0051706904328169805,0.7267255510778785
0.705,0.26912051180967933,0.0021073020447856883,0.005053575614354412,0.7237186105311803
0.71,0.27226560404072836,0.0020789683536276667,0.0049438023031934475,0.7207116253024503
0.715,0.27540082112744196,0.00205266188839708,0.004840963692714638,0.717705553291446
0.72,0.2785257189657377,0.002028302946811164,0.004744683608514757,0.714701294478936
0.725,0.28163987278789243,0.0020058178183488683,0.004654614177790048,0.7116996952159683
0.73,0.28474287569572265,0.0019851384180478125,0.004570433698839528,0.7087015521873896
0.735,0.287834337279273,0.001966201950271029,0.004491844693084398,0.7057076160773712
0.74,0.2909138823141053,0.0019489506000343753,0.004418572123601851,0.7027185949622581
0.745,0.2939811495308091,0.00193333124971373,0.004350361765631523,0.6997351574538453
0.75,0.29703579045083345,0.0019192952191553407,0.004286978715841686,0.6967579356141692
0.755,0.30007746828318044,0.0019067980273958845,0.004228206028351061,0.6937875276610723
0.76,0.30310585687689934,0.0018957991743634157,0.004173843466600924,0.6908245004821361
0.765,0.3061206397246859,0.0018862619410786028,0.004123706361170476,0.6878693919730647
0.77,0.30912150901322516,0.0018781532070093606,0.004077624564535204,0.68492271321523
0.775,0.31210816471622,0.0018714432833527748,0.00403544149459117,0.6819849505058359
0.78,0.31508031372632606,0.001866105761127521,0.003997013259515506,0.6790565672530307
0.785,0.31803766902246844,0.0018621173730590107,0.003962207857211716,0.6761380057472606
0.79,0.32097994886924724,0.0018594578683293333,0.003930904443203959,0.6732296888192192
0.795,0.32390687604535223,0.001858109899345646,0.0039029926614032274,0.6703320213938986
0.8,0.326818177098101,0.0018580589197548123,0.003878372032675407,0.6674453919494685
0.805,0.32971358162139314,0.0018592930929995206,0.0038569513966014105,0.6645701738890056
0.81,0.33259282155453535,0.0018618032107724897,0.0038386484022373897,0.6617067268324545
0.815,0.33545563049954236,0.0018655826207812118,0.0038233890440622395,0.6588553978356139
0.82,0.33830174305465394,0.0018706271632865177,0.003811107239643963,0.6560165225424153
0.825,0.3411308941619348,0.0018769351159245043,0.0038017444458690996,0.6531904262762712
0.83,0.3439428184669384,0.0018845071463634011,0.003795249310863339,0.6503774250758345
0.835,0.34673724968852143,0.0018933462723851441,0.0037915773589892593,0.6475778266801038
0.84,0.34951391999699344,0.0019034578290160291,0.003790690706541279,0.6447919314674488
0.845,0.3522725593988752,0.0019148494423621163,0.0037925578059705128,0.6420200333527918
0.85,0.3550128951266227,0.0019275310098332606,0.003797153216665254,0.6392624206468783
0.855,0.3577346510317506,0.0019415146864649494,0.0038044574004879933,0.636519376881296
0.86,0.3604375469798605,0.0019568148770696936,0.0038144565404288205,0.6337911816026405
0.865,0.36312129824614686,0.0019734482339696918,0.003827142380879129,0.6310781111390038
0.87,0.36578561491001615,0.0019914336600799615,0.0038425120881600185,0.6283804393417434
0.875,0.3684302012475155,0.0020107923171262176,0.003860568130057815,0.6256984383052999
0.88,0.37105475512032426,0.002031547638794528,0.003881318173225661,0.623032379067655
0.885,0.3736589673601168,0.0020537253486202366,0.0039047749974061045,0.6203825322938563
0.89,0.3762425211471606,0.0020773534824318567,0.003930956425515778,0.6177491689448912
0.895,0.3788050913820661,0.002102462415171587,0.003959885268710337,0.6151325609340514
0.9,0.3813463440496581,0.002129084891917796,0.00399158928561637,0.6125329817728072
0.905,0.38386593557399495,0.002157256062936211,0.004026101154977596,0.6099507072080907
0.91,0.38636351216361436,0.002187013522585616,0.004063458461015659,0.6073860158527838
0.915,0.3888387091461456,0.002218397351900489,0.00410370369085175,0.6048391898111016
0.92,0.3912911502914862,0.0022514501646671795,0.004146884243374239,0.6023105153004719
0.925,0.39372044712280707,0.0022862171568017765,0.004193052448969914,0.5998002832714208
0.93,0.39612619821471806,0.0023227461588266633,0.004242265599562394,0.5973087900268924
0.935,0.3985079884780004,0.002361087691228744,0.00429458598842091,0.5948363378423495
0.94,0.4008653884303928,0.002401295022465322,0.004350080959216134,0.5923832355879253
0.945,0.4031979534530059,0.0024434242293634076,0.004408822963806924,0.5899497993538233
0.95,0.405505223032035,0.0024875342596346775,0.004470889628242957,0.5875363530800869
0.955,0.40778671998554716,0.002533686996201177,0.004536363826462912,0.5851432291917883
0.96,0.4100419496752337,0.0025819473229959176,0.0046053337611562505,0.5827707692406137
0.965,0.41227039920314756,0.002632383191867565,0.004677893051238463,0.580419324553746
0.97,0.4144715365935839,0.0026850656901791533,0.004754140825364674,0.5780892568908719
0.975,0.4166448099604194,0.002740069108646955,0.004834181820874604,0.5757809391100586
0.98,0.41878964666039503,0.0027974710089169997,0.004918126487522684,0.5734947558431649
0.985,0.4209054524330149,0.002857352290322963,0.005006091095300346,0.5712311041813614
0.99,0.42299161052794315,0.0029197972552099803,0.005098197845602854,0.5689903943712435
0.995,0.42504748082100574,0.00298489367214404,0.005194574984930014,0.5667730505219197
1.0,0.4270723989201569,0.003052732836255695,0.0052953569202384325,0.5645795113233485
1.005,0.4290656752630428,0.003123409625889627,0.005400684334982144,0.562410230776085
1.01,0.4310265942080965,0.003197022554647759,0.005510704304787977,0.5602656789324673
1.015,0.4329544131214276,0.0032736738178229573,0.005625570411611557,0.5581463426491374
1.02,0.4348483614621263,0.003353469332122556,0.005745442855108771,0.556052726350642
1.025,0.43670763986899663,0.0034365187674758498,0.005870488559835483,0.5539853528036917
1.03,0.43853141925215433,0.003522935569607114,0.0060008812767547185,0.5519447639014835
1.035,0.440318839893389,0.0036128369719355545,0.006136801677385071,0.5499315214572901
1.04,0.44206901055968706,0.003706343995235796,0.006278437438766191,0.5479462080063107
1.045,0.4437810076348525,0.003803581433357186,0.006425983317246677,0.5459894276145433
1.05,0.44545387427474115,0.0039046778231574325,0.006579641208916002,0.544061806693185
1.055,0.44708661959224855,0.00400976539665623,0.006739620194305242,0.5421639948167896
1.06,0.4486782178788594,0.004118980013258015,0.006906136564771037,0.5402966655431111
1.065,0.4502276078702786,0.004232461069730391,0.00707941382775352,0.538460517232237
1.07,0.4517336920644235,0.004350351385456967,0.007259682687862042,0.536656273862257
1.075,0.453195336100863,0.004472797060311391,0.007447181000492716,0.5348846858383324
1.08,0.45461136821163817,0.004599947302324579,0.007642153694419801,0.5331465307916169
1.085,0.4559805787542963,0.004731954222141197,0.007844852659529456,0.5314426143640325
1.09,0.45730171983890766,0.004868972591086353,0.008055536595580788,0.5297737709744247
1.095,0.45857350506181277,0.005011159559491565,0.008274470817586742,0.5281408645611084
1.1,0.45979460935986277,0.005158674331763329,0.008501927013108434,0.5265447892952649
1.105,0.46096366899996044,0.0053116777945211345,0.008738182946453246,0.5249864702590646
1.11,0.46207928171977997,0.005470332093988711,0.008983522104462544,0.5234668640817682
1.115,0.46314000703662994,0.0056348001586967586,0.009238233278272822,0.5219869595264
1.12,0.464144366742517,0.005805245163452683,0.009502610075138685,0.5205477780188911
1.125,0.4650908456045565,0.0059818299304585845,0.009776950354122422,0.519150374110862
1.13,0.4659778922909439,0.006164716263419227,0.010061555579188952,0.5177958358664474
1.135,0.4668039205437361,0.006354064210484283,0.010356730083003304,0.5164852851627758
1.14,0.46756731062066814,0.006550031251921439,0.010662780234518415,0.5152198778928915
1.145,0.46826641102913535,0.006752771408527759,0.010980013503272618,0.5140008040590638
1.15,0.46889954057627153,0.006962434266965221,0.011308737413198622,0.5128292877435642
1.155,0.469464990759727,0.007179163918462659,0.01164925837869021,0.5117065869431198
1.16,0.46996102852426286,0.007403097807671034,0.01200188041569137,0.5106339932523744
1.165,0.47038589940959835,0.007634365488903203,0.012366903720678607,0.5096128313808195
1.17,0.47073783111503437,0.007873087287544645,0.012744623110615267,0.5086444584868054
1.175,0.4710150375061937,0.008119372865099698,0.013135326317282493,0.5077302633114238
1.18,0.47121572308871795,0.00837331968715045,0.013539292129851659,0.5068716650942796
1.185,0.4713380879729,0.008635011394463864,0.013956788380175195,0.5060701122524606
1.19,0.4713803333519598,0.00890451607859785,0.014388069766055077,0.505327080803387
1.195,0.47134066751493797,0.00918188446463834,0.014833375508719306,0.5046440725117041
1.2,0.47121731241294057,0.009467148005155229,0.015292926841915406,0.5040226127399885
1.205,0.4710085107946603,0.009760316891101349,0.01576692433143463,0.5034642479828034
1.21,0.4707125339236849,0.010061377987198626,0.01625554502552876,0.5029705430635875
1.215,0.47032768988602597,0.010370292701359482,0.0167589394385893,0.502543077974025
1.22,0.4698523324915241,0.010686994799874802,0.017277228372640688,0.5021834443359602
1.225,0.4692848707672719,0.011011388182453749,0.017810499583665592,0.5018932414666085
1.23,0.4686237790349145,0.01134334463371016,0.018358804302539288,0.5016740720288358
1.235,0.46786760755662227,0.011682701570334146,0.018922153623403465,0.5015275372496399
1.24,0.4670149937266775,0.012029259805936976,0.01950051477565453,0.5014552316917309
1.245,0.4660646737769856,0.012382781358375719,0.02009380729934699,0.5014587375652916
1.25,0.46501549495544525,0.012742987327205881,0.020701899147700088,0.5015396185696487
1.255,0.46386642812603524,0.013109555871720857,0.02132460274451748,0.5016994132577264
1.26,0.4626165807287822,0.013482120322752318,0.021961671028646778,0.5019396279198186
1.265,0.46126521002655513,0.013860267463952169,0.022612793522067624,0.502261728987425
1.27,0.45981173655402413,0.014243536020571783,0.023277592462741085,0.502667134962663
1.275,0.4582557576722823,0.014631415395707031,0.02395561904790272,0.5031572078841079
1.28,0.45659706112074605,0.015023344695489915,0.02464634983794718,0.5037332443458168
1.285,0.4548356384462474,0.015418712085676098,0.025349183375329237,0.5043964660927471
1.29,0.4529716981779616,0.015816854522395514,0.02606343707687786,0.5051480102227649
1.295,0.4510056786062493,0.01621705789939388,0.026788344461455987,0.5059889190329008
1.3,0.44893826001394727,0.016618557652792618,0.027523052777858863,0.5069201295554012
1.305,0.4467703762004291,0.017020539862137286,0.02826662110007816,0.5079424628373554
1.31,0.44450322513221774,0.017422142883205444,0.02901801895841306,0.5090566130261637
1.315,0.4421382785494081,0.017822459543636416,0.029776125575226003,0.5102631363317294
1.32,0.43967729035497877,0.01822053992688179,0.030539729773265734,0.5115624399448736
1.325,0.437122303614566,0.018615394763238036,0.03130753062226815,0.5129547709999277
1.33,0.4344756559977253,0.019005999438824906,0.03207813888586399,0.5144402056775856
1.335,0.4317399834983693,0.01939129862436586,0.03285007932556127,0.5160186385517034
1.34,0.4289182222821432,0.01977021151560017,0.03362179391164553,0.5176897722906109
1.345,0.4260136085221038,0.02014163766624558,0.034391645982204545,0.5194531078294459
1.35,0.4230296761012559,0.020504463382813705,0.03515792538112774,0.5213079351348024
1.355,0.4199702520812252,0.020857568638481663,0.03591885459389555,0.5232533246863974
1.36,0.41683944986045823,0.021199834450907565,0.03667259588635309,0.525288119802281
1.365,0.4136416599725938,0.02153015065664694,0.03741725943660592,0.5274109299341532
1.37,0.41038153850566805,0.02184742400301536,0.03815091243389383,0.5296201250574226
1.375,0.40706399315513836,0.022150586467203758,0.03887158910105959,0.5319138312765982
1.38,0.40369416695774746,0.022438603702552226,0.03957730157936076,0.5342899277603395
1.385,0.4002774197883412,0.022710483503487904,0.04026605159625319,0.5367460451119176
1.39,0.3968193077371412,0.02296528417407866,0.040935842818827915,0.5392795652699521
1.395,0.39332556051985834,0.023202122680759853,0.04158469377826961,0.541887623021112
1.4,0.3898020571065686,0.023420182467824152,0.04221065123450336,0.5445671091911037
1.405,0.3862547997866096,0.023618720814929,0.042811803835597344,0.547314675562864
1.41,0.3826898869150681,0.023797075619305216,0.04338629591396757,0.550126741551659
1.415,0.3791134846109359,0.0239546714915901,0.04393234125143921,0.5529995026460346
1.42,0.3755317976970166,0.024091025063215418,0.04444823663815856,0.5559289406016092
1.425,0.3719510401865847,0.024205749414915555,0.04493237504656089,0.5589108353519388
1.43,0.36837740563116844,0.024298557549950073,0.045383258241340714,0.5619407785775407
1.435,0.3648170376473519,0.02436926485173579,0.04579950864980581,0.5650141888511064
1.44,0.3612760009380267,0.024417790483353845,0.04617988032418368,0.5681263282544357
1.445,0.3577602531151092,0.024444157705369007,0.04652326883833446,0.5712723203411872
1.45,0.35427561761658155,0.024448493108054786,0.046828719975738654,0.5744471692996249
1.455,0.3508277579911925,0.02443102477391224,0.047095437083289386,0.5776457801516058
1.46,0.34742215379979036,0.02439207940574922,0.04732278698593912,0.5808629798085212
1.465,0.3440640783537244,0.024332078474009738,0.047510304380149165,0.5840935387921166
1.47,0.34075857847879887,0.02425153345400646,0.04765769464880607,0.5873321934183885
1.475,0.33751045645875316,0.024151040238763497,0.047764835066185014,0.5905736682362982
1.48,0.33432425427605517,0.024031272825944507,0.04783177438800135,0.5938126985099988
1.485,0.33120424023084327,0.023892976387530584,0.04785873084793004,0.597044052533696
1.49,0.3281543979820233,0.023736959838325553,0.047846088607532304,0.6002625535721188
1.495,0.3251784180186591,0.023564088023903487,0.047794392730686266,0.6034631012267511
1.5,0.322279691535661,0.02337527365027374,0.04770434277580715,0.606640692038258
1.505,0.31946130665604344,0.02317146907641484,0.047576785118868266,0.6097904391486734
1.51,0.3167260469132618,0.022953658087098462,0.04741270413709228,0.6129075908625474
1.515,0.31407639188178144,0.022722847757339217,0.04721321239686704,0.6159875479640122
1.52,0.3115145198224017,0.022480060511675747,0.046979539999751296,0.6190258796661712
1.525,0.3090423121911364,0.022226326471667134,0.046713023247280064,0.6220183380899164
1.53,0.30666135984671233,0.021962676173856156,0.04641509278866778,0.6249608711907637
1.535,0.3043729707819374,0.021690133728398633,0.04608726141554972,0.6278496340741142
1.54,0.3021781791981727,0.021409710475971983,0.045731111664793954,0.6306809986610613
1.545,0.30007775573967993,0.021122399187824343,0.04534828338443066,0.633451561688065
1.55,0.2980722187054191,0.02082916884124629,0.04494046140921373,0.6361581510441209
1.555,0.29616184605958273,0.020530959990639912,0.044509363481630176,0.6387978304681472
1.56,0.2943466880683951,0.02022868074297915,0.044056728541710215,0.6413679026469156
1.565,0.29262658039907197,0.019923203336006397,0.043584305495186715,0.6438659107697349
1.57,0.291001157526922,0.019615361308148383,0.04309384255482291,0.6462896386101067
1.575,0.28946986630797583,0.01930594724096524,0.04258707723447838,0.6486371092165806
1.58,0.2880319795868749,0.018995711048028833,0.04206572706009276,0.6509065823050035
1.585,0.286686609722683,0.01868535877847618,0.04153148104658011,0.6530965504522607
1.59,0.28543272192848357,0.01837555189907952,0.04098599197494839,0.6552057341974885
1.595,0.28426914733380804,0.018066907015462992,0.040430869490046394,0.6572330761606826
1.6,0.28319459569187033,0.017759995990998458,0.03986767402640643,0.6591777342907248
1.605,0.28220766766604805,0.01745534642083164,0.03929791155785787,0.6610390743552624
1.61,0.2813068666418984,0.017153442418313288,0.038723029156050276,0.662816661783738
1.615,0.28049061002209735,0.01685472567171929,0.03814441133381782,0.6645102529723654
1.62,0.27975723997195434,0.016559596730416664,0.03756337714147002,0.6661197861561589
1.625,0.2791050335925256,0.01626841648144811,0.0369811779776036,0.6676453719484227
1.63,0.27853221250679416,0.015981507779750236,0.03639899607086042,0.6690872836425951
1.635,0.2780369518519005,0.015699157197780783,0.035817943585146915,0.6704459473651716
1.64,0.27761738867700253,0.01542161686310852,0.035239062298098554,0.6717219321617902
1.645,0.27727162975205494,0.015149106355427003,0.03466332380092265,0.6729159400915953
1.65,0.2769977587976606,0.014881814637412338,0.03409163016707665,0.6740287963978503
1.655,0.2767938431502167,0.014619901996789291,0.033524815037422696,0.6750614398155711
1.66,0.2766579398799149,0.0143635019798447,0.03296364507042743,0.6760149130698128
1.665,0.2765881013818153,0.014112723299388048,0.03240882170753286,0.6768903536112636
1.67,0.27658238046227224,0.013867651702772339,0.031860983205898065,0.6776889846290571
1.675,0.27663883494449903,0.013628351788029066,0.03132070689319651,0.6784121063742752
1.68,0.2767555318180913,0.013394868758422558,0.030788511601951448,0.6790610878215344
1.685,0.2769305509579429,0.013167230107781203,0.03026486024391153,0.6796373586903641
1.69,0.2771619884382376,0.012945447230812753,0.029750162488129773,0.6801424018428196
1.695,0.2774479594671465,0.012729516954258767,0.02924477750964027,0.6805777460689542
1.7,0.27778660096754565,0.012519422986194817,0.0287490167788663,0.680944959267393
1.705,0.27817607382854354,0.01231513728204649,0.02826314686508862,0.681245642024321
1.71,0.27861456485191033,0.012116621326977032,0.027787392230410757,0.6814814215907016
1.715,0.2791002884166668,0.01192382733522287,0.027321937993643432,0.6816539462544666
1.72,0.2796314878841555,0.011736699367721619,0.026866932646366384,0.6817648801017563
1.725,0.2802064367649039,0.0115551743700069,0.02642249070609211,0.6818158981589969
1.73,0.2808234396675276,0.011379183132849609,0.025988695293938668,0.681808681905684
1.735,0.2814808330488263,0.01120865117851942,0.025565600626509092,0.6817449151461451
1.74,0.28217698578312217,0.011043499575836696,0.02515323441376945,0.6816262802272716
1.745,0.28291029956778235,0.01088364568739591,0.0247516001566157,0.6814544545882059
1.75,0.28367920918077943,0.010729003852478864,0.02436067933952528,0.6812311076272163
1.755,0.2844821826050746,0.010579486009250322,0.023980433515208014,0.6809578978704669
1.76,0.28531772103357295,0.010435002259849788,0.023610806279511055,0.680636470427066
1.765,0.2861843587674015,0.010295461381970255,0.023251725136002974,0.680268454714625
1.77,0.2870806630193018,0.01016077129045552,0.022903103250674094,0.6798554624395684
1.775,0.2880052336330175,0.010030839452359438,0.02256484109805444,0.6793990858165685
1.78,0.2889567027286901,0.009905573258799337,0.022236828000779186,0.6789008960117312
1.785,0.28993373428345776,0.009784880356807225,0.021918943565235865,0.678362441794499
1.79,0.2909350236556817,0.00966866894424102,0.021611059016419736,0.6777852483836574
1.795,0.29195929706050217,0.009556848030667895,0.021313038435514416,0.6771708164733153
1.8,0.29300531100375077,0.009449327666976214,0.021024739904015724,0.6765206214252572
1.805,0.2940718516806151,0.00934601914631442,0.020746016558437514,0.6758361126146328
1.81,0.29515773434486825,0.009246835178796748,0.020476717559789012,0.6751187129165459
1.815,0.2962618026539316,0.009151690042258931,0.020216688982103007,0.6743698183217064
1.82,0.2973829279945386,0.009060499711193394,0.019965774624331318,0.6735907976699367
1.825,0.29852000879330365,0.008973181965844217,0.019723816749916287,0.6727829924909359
1.83,0.2996719698160752,0.008889656483298161,0.019490656758301222,0.6719477169423255
1.835,0.30083776145955965,0.008809844912269967,0.019266135792565545,0.6710862578356048
1.84,0.30201635903834495,0.00873367093314856,0.019050095287267053,0.6701998747412394
1.845,0.3032067620701243,0.008661060304745784,0.01884237746044973,0.6692898001646802
1.85,0.3044079935616217,0.008591940899071221,0.01864282575363491,0.6683572397856722
1.855,0.30561909929744735,0.008526242725345514,0.018451285223460727,0.6674033727537464
1.86,0.30683914713386473,0.008463897944360173,0.018267602888472744,0.6664293520333023
1.865,0.30806722629922495,0.008404840874194281,0.018091628034400536,0.6654363047921802
1.87,0.30930244670262225,0.00834900798820741,0.017923212481083393,0.6644253328280869
1.875,0.31054393825213994,0.008296337906143248,0.01776221081403532,0.6633975130276815
1.88,0.311790850183892,0.008246771379099722,0.017608480583466982,0.6623538978535413
1.885,0.31304235040291617,0.00820025126904843,0.017461882473411672,0.6612955158546237
1.89,0.3142976248368429,0.008156722523518687,0.01732228044343502,0.6602233721962033
1.895,0.31555587680314534,0.008116132145999187,0.017189541845245123,0.6591384492056103
1.9,0.3168163263906702,0.008078429162552825,0.017063537516361617,0.6580417069304153
1.905,0.3180782098560567,0.008043564585087367,0.016944141852849853,0.6569340837060059
1.91,0.3193407790355683,0.00801149137167603,0.016831232862979936,0.6558164967297756
1.915,0.3206033007727886,0.00798216438427748,0.016724692203530536,0.6546898426394032
1.92,0.3218650563625724,0.007955540344163852,0.016624405200324068,0.6535549980929395
1.925,0.32312534101158547,0.007931577785327996,0.016530260854453242,0.6524128203486331
1.93,0.3243834633157217,0.007910237006106945,0.016442151835539286,0.6512641478426319
1.935,0.32563874475464544,0.007891480019227438,0.01635997446324893,0.650109800762878
1.94,0.326890519203673,0.007875270500450796,0.016283628678190925,0.6489505816176852
1.945,0.3281381324631802,0.007861573735968654,0.016213018003212686,0.6477872757976383
1.95,0.32938094180569877,0.007850356568677453,0.01614804949602416,0.6466206521295994
1.955,0.33061831554084775,0.007841587343438322,0.01608863369398824,0.6454514634217254
1.96,0.3318496325982304,0.007835235851409654,0.01603468455183539,0.6442804469985243
1.965,0.33307428212841844,0.007831273273522283,0.01598611937298406,0.643108325225075
1.97,0.3342916631221372,0.00782967212315149,0.015942858735077687,0.6419358060196334
1.975,0.33550118404776236,0.007830406188026037,0.015904826410283568,0.6407635833539278
1.98,0.33670226250723634,0.007833450471401885,0.015871949280838193,0.6395923377405234
1.985,0.3378943249105146,0.007838781132517124,0.015844157250267568,0.6384227367067006
1.99,0.3390768061686529,0.007846375426334866,0.015821383150659507,0.6372554352543526
1.995,0.3402491494056535,0.00785621164257226,0.015803562646317368,0.6360910763054567
2.0,0.3414108056891912,0.007868269044006405,0.01579063413408125,0.634930291132721
2.005,0.3425612337803486,0.007882527804041672,0.015782538640562966,0.6337736997750466
2.01,0.34369989990249705,0.007898968943517666,0.01577921971650484,0.6326219114374803
2.015,0.3448262775294671,0.00791757426673287,0.015780623328439637,0.6314755248753602
2.02,0.3459398471931615,0.007938326296655734,0.01578669774779923,0.6303351287623833
2.025,0.3470400963107717,0.00796120820929264,0.015797393437592958,0.6292013020423425
2.03,0.3481265190317664,0.007986203767180766,0.01581266293675292,0.6280746142642997
2.035,0.3491986161048295,0.00801329725197332,0.015832460742222387,0.6269556259009745
2.04,0.35025589476493113,0.008042473396084963,0.015856743188845095,0.6258448886501385
2.045,0.3512978686407213,0.00807371731336643,0.01588546832709721,0.6247429457188147
2.05,0.35232405768244174,0.008107014428779395,0.015918595798690288,0.6236503320900882
2.055,0.353333988110554,0.008142350407045529,0.01595608671006223,0.6225675747723379
2.06,0.35432719238528526,0.008179711080247403,0.015997903503764274,0.6214951930307028
2.065,0.35530320919729214,0.008219082374363524,0.016044009827745148,0.6204336986005989
2.07,0.35626158347964254,0.008260450234725153,0.01609437040252874,0.6193835958831033
2.075,0.3572018664413103,0.008303800550388896,0.01614895088627893,0.6183453821220216
2.08,0.358123615622372,0.008349119077426154,0.016207717737744466,0.6173195475624571
2.085,0.35902639497108496,0.008396391361138544,0.016270638077077963,0.6163065755906982
2.09,0.3599097749430145,0.008445602657217268,0.016337679544526286,0.6153069428552417
2.095,0.3607733326223623,0.008496737851874138,0.01640881015699461,0.6143211193687688
2.1,0.36161665186562875,0.00854978138098257,0.016483998162493376,0.6133495685908951
2.105,0.36243932346772145,0.008604717148278358,0.01656321189248615,0.6123927474915138
2.11,0.363240945350593,0.008661528442682356,0.01664641961216707,0.6114511065945574
2.115,0.3640211227744637,0.008720197854820401,0.016733589368709,0.6105250900020067
2.12,0.36477946857164883,0.008780707192829858,0.01682468883753778,0.6096151353979834
2.125,0.3655156034029707,0.008843037397557,0.016919685166704092,0.6087216740327681
2.13,0.3662291560366934,0.008907168457265096,0.01701854481944233,0.607845130686599
2.135,0.3669197636498693,0.008973079321989529,0.017121233415025375,0.6069859236131157
2.14,0.36758707215193115,0.009040747817693304,0.017227715568045653,0.6061444644623297
2.145,0.3682307365303094,0.009110150560394189,0.01733795472627575,0.6053211581830205
2.15,0.3688504212177858,0.009181262870453089,0.017451913007286598,0.6045164029044744
2.155,0.369445800481229,0.009254058687232175,0.017569551034027405,0.6037305897975113
2.16,0.3700165588312836,0.009328510484350691,0.017690827769599363,0.6029641029147662
2.165,0.3705623914525019,0.009404589185786086,0.017815700351484224,0.6022173190102277
2.17,0.37108300465332716,0.009482264083088075,0.01794412392551947,0.6014906073380653
2.175,0.3715781163352438,0.009561502753993385,0.01807605147994349,0.6007843294308193
2.18,0.3720474564803178,0.009642270982748963,0.018211433679867054,0.6000988388570662
2.185,0.3724907676562494,0.009724532682471402,0.018350218702561177,0.599434480958718
2.19,0.3729078055379563,0.009808249819889888,0.018492352073986064,0.5987915925681677
2.195,0.3732983394445976,0.009893382342839145,0.01863777650702099,0.5981705017055422
2.2,0.373662152890835,0.009979888110887132,0.018786431741890583,0.5975715272563872
2.205,0.37399904415101237,0.01006772282949987,0.018938254389318707,0.5969949786301689
2.21,0.3743088268348154,0.010156839988162036,0.019093177776976722,0.5964411554000457
2.215,0.3745913304728505,0.010247190802887067,0.01925113179982825,0.5959103469244341
2.22,0.3748464011104587,0.010338724163563863,0.019412042775007077,0.5954028319509703
2.225,0.375073901907956,0.010431386586598807,0.019575833301898368,0.5949188782035468
2.23,0.3752737137453635,0.01052512217332127,0.019742422128125665,0.5944587419531896
2.235,0.3754457358295686,0.010619872574627844,0.019911724022176492,0.5940226675736271
2.24,0.37558988630173157,0.010715576962345008,0.020083649653427814,0.5936108870824957
2.245,0.37570610284263195,0.01081217200779149,0.020258105480358356,0.5932236196692182
2.25,0.3757943432735294,0.010909591868019887,0.020434993647757676,0.5928610712106931
2.255,0.3758545861500001,0.011007768180212095,0.020614211893761218,0.5925234337760267
2.26,0.3758868313461009,0.011106630064694254,0.02079565346755626,0.5922108851216487
2.265,0.3758911006261111,0.011206104137024253,0.02097920705861479,0.59192358817825
2.27,0.37586743820100826,0.011306114529587914,0.021164756738315936,0.591661690531088
2.275,0.37581591126674985,0.011406582923118823,0.021352181914821636,0.5914253238953098
2.28,0.37573661052135765,0.011507428588530965,0.021541357302064915,0.5912146035880466
2.285,0.3756296506577405,0.011608568439422937,0.021732152903699377,0.5910296279991373
2.29,0.3754951708291418,0.011709917095577308,0.02192443401284148,0.5908704780624395
2.295,0.3753333350840633,0.011811386957738665,0.022118061228412977,0.5907372167297852
2.3,0.37514433276749903,0.011912888293909012,0.022312890488859507,0.5906298884497326
2.305,0.37492837888531055,0.01201432933734945,0.022508773123982372,0.5905485186533578
2.31,0.3746857144285921,0.01211561639642265,0.022705555925573558,0.5904931132494119
